





<!DOCTYPE html>
<html lang="en">
  <head>
    <meta charset="utf-8">
  <link rel="dns-prefetch" href="https://assets-cdn.github.com">
  <link rel="dns-prefetch" href="https://avatars0.githubusercontent.com">
  <link rel="dns-prefetch" href="https://avatars1.githubusercontent.com">
  <link rel="dns-prefetch" href="https://avatars2.githubusercontent.com">
  <link rel="dns-prefetch" href="https://avatars3.githubusercontent.com">
  <link rel="dns-prefetch" href="https://github-cloud.s3.amazonaws.com">
  <link rel="dns-prefetch" href="https://user-images.githubusercontent.com/">



  <link crossorigin="anonymous" href="https://assets-cdn.github.com/assets/frameworks-77c3b874f32e71b14cded5a120f42f5c7288fa52e0a37f2d5919fbd8bcfca63c.css" integrity="sha256-d8O4dPMucbFM3tWhIPQvXHKI+lLgo38tWRn72Lz8pjw=" media="all" rel="stylesheet" />
  <link crossorigin="anonymous" href="https://assets-cdn.github.com/assets/github-0ff6dbee3b3c835114548441983cff44551bc135cd7bdc651c3322190821a51c.css" integrity="sha256-D/bb7js8g1EUVIRBmDz/RFUbwTXNe9xlHDMiGQghpRw=" media="all" rel="stylesheet" />
  
  
  <link crossorigin="anonymous" href="https://assets-cdn.github.com/assets/site-87fc1b705115bb5758018dffb7c1ed35b316b40ef094c4d5bd0478efe83d7af7.css" integrity="sha256-h/wbcFEVu1dYAY3/t8HtNbMWtA7wlMTVvQR47+g9evc=" media="all" rel="stylesheet" />
  

  <meta name="viewport" content="width=device-width">
  
  <title>data-science-from-scratch/comma_delimited_stock_prices.csv at master · joelgrus/data-science-from-scratch · GitHub</title>
  <link rel="search" type="application/opensearchdescription+xml" href="/opensearch.xml" title="GitHub">
  <link rel="fluid-icon" href="https://github.com/fluidicon.png" title="GitHub">
  <meta property="fb:app_id" content="1401488693436528">

    
    <meta content="https://avatars2.githubusercontent.com/u/1308313?v=4&amp;s=400" property="og:image" /><meta content="GitHub" property="og:site_name" /><meta content="object" property="og:type" /><meta content="joelgrus/data-science-from-scratch" property="og:title" /><meta content="https://github.com/joelgrus/data-science-from-scratch" property="og:url" /><meta content="data-science-from-scratch - code for Data Science From Scratch book" property="og:description" />

  <link rel="assets" href="https://assets-cdn.github.com/">
  
  <meta name="pjax-timeout" content="1000">
  
  <meta name="request-id" content="ADFA:15480:3751B66:553C6F3:59853EAF" data-pjax-transient>
  

  <meta name="selected-link" value="repo_source" data-pjax-transient>

  <meta name="google-site-verification" content="KT5gs8h0wvaagLKAVWq8bbeNwnZZK1r1XQysX3xurLU">
<meta name="google-site-verification" content="ZzhVyEFwb7w3e0-uOTltm8Jsck2F5StVihD0exw2fsA">
    <meta name="google-analytics" content="UA-3769691-2">

<meta content="collector.githubapp.com" name="octolytics-host" /><meta content="github" name="octolytics-app-id" /><meta content="https://collector.githubapp.com/github-external/browser_event" name="octolytics-event-url" /><meta content="ADFA:15480:3751B66:553C6F3:59853EAF" name="octolytics-dimension-request_id" /><meta content="sea" name="octolytics-dimension-region_edge" /><meta content="iad" name="octolytics-dimension-region_render" />
<meta content="/&lt;user-name&gt;/&lt;repo-name&gt;/blob/show" data-pjax-transient="true" name="analytics-location" />




  <meta class="js-ga-set" name="dimension1" content="Logged Out">


  

      <meta name="hostname" content="github.com">
  <meta name="user-login" content="">

      <meta name="expected-hostname" content="github.com">
    <meta name="js-proxy-site-detection-payload" content="MTE3Mzk0ZmMyMWE2NDZiMzQ2NzI3NzgwYTZkY2ZmYzA4ZTJiZDEyMTQ5MjNiOWZmODY0MzdiYWMyN2Y0NjVmN3x7InJlbW90ZV9hZGRyZXNzIjoiMjQuMTMwLjEzMC4xMjYiLCJyZXF1ZXN0X2lkIjoiQURGQToxNTQ4MDozNzUxQjY2OjU1M0M2RjM6NTk4NTNFQUYiLCJ0aW1lc3RhbXAiOjE1MDE5MDQ1NjMsImhvc3QiOiJnaXRodWIuY29tIn0=">


  <meta name="html-safe-nonce" content="c2e179bbcf82415a216321f8841778e26c5f6cf5">

  <meta http-equiv="x-pjax-version" content="2ddfb2162bd5f6016025be9f8e1809c4">
  

      <link href="https://github.com/joelgrus/data-science-from-scratch/commits/master.atom" rel="alternate" title="Recent Commits to data-science-from-scratch:master" type="application/atom+xml">

  <meta name="description" content="data-science-from-scratch - code for Data Science From Scratch book">
  <meta name="go-import" content="github.com/joelgrus/data-science-from-scratch git https://github.com/joelgrus/data-science-from-scratch.git">

  <meta content="1308313" name="octolytics-dimension-user_id" /><meta content="joelgrus" name="octolytics-dimension-user_login" /><meta content="26382146" name="octolytics-dimension-repository_id" /><meta content="joelgrus/data-science-from-scratch" name="octolytics-dimension-repository_nwo" /><meta content="true" name="octolytics-dimension-repository_public" /><meta content="false" name="octolytics-dimension-repository_is_fork" /><meta content="26382146" name="octolytics-dimension-repository_network_root_id" /><meta content="joelgrus/data-science-from-scratch" name="octolytics-dimension-repository_network_root_nwo" /><meta content="false" name="octolytics-dimension-repository_explore_github_marketplace_ci_cta_shown" />


    <link rel="canonical" href="https://github.com/joelgrus/data-science-from-scratch/blob/master/code-python3/comma_delimited_stock_prices.csv" data-pjax-transient>


  <meta name="browser-stats-url" content="https://api.github.com/_private/browser/stats">

  <meta name="browser-errors-url" content="https://api.github.com/_private/browser/errors">

  <link rel="mask-icon" href="https://assets-cdn.github.com/pinned-octocat.svg" color="#000000">
  <link rel="icon" type="image/x-icon" href="https://assets-cdn.github.com/favicon.ico">

<meta name="theme-color" content="#1e2327">



  </head>

  <body class="logged-out env-production page-blob">
    

  <div class="position-relative js-header-wrapper ">
    <a href="#start-of-content" tabindex="1" class="px-2 py-4 show-on-focus js-skip-to-content">Skip to content</a>
    <div id="js-pjax-loader-bar" class="pjax-loader-bar"><div class="progress"></div></div>

    
    
    



        <div class="header header-logged-out position-relative f4 py-3" role="banner">
  <div class="container-lg px-3 clearfix">
    <div class="d-flex flex-justify-between">
      <div class="d-flex">
        <a class="header-logo-invertocat my-0" href="https://github.com/" aria-label="Homepage" data-ga-click="(Logged out) Header, go to homepage, icon:logo-wordmark">
          <svg aria-hidden="true" class="octicon octicon-mark-github" height="32" version="1.1" viewBox="0 0 16 16" width="32"><path fill-rule="evenodd" d="M8 0C3.58 0 0 3.58 0 8c0 3.54 2.29 6.53 5.47 7.59.4.07.55-.17.55-.38 0-.19-.01-.82-.01-1.49-2.01.37-2.53-.49-2.69-.94-.09-.23-.48-.94-.82-1.13-.28-.15-.68-.52-.01-.53.63-.01 1.08.58 1.23.82.72 1.21 1.87.87 2.33.66.07-.52.28-.87.51-1.07-1.78-.2-3.64-.89-3.64-3.95 0-.87.31-1.59.82-2.15-.08-.2-.36-1.02.08-2.12 0 0 .67-.21 2.2.82.64-.18 1.32-.27 2-.27.68 0 1.36.09 2 .27 1.53-1.04 2.2-.82 2.2-.82.44 1.1.16 1.92.08 2.12.51.56.82 1.27.82 2.15 0 3.07-1.87 3.75-3.65 3.95.29.25.54.73.54 1.48 0 1.07-.01 1.93-.01 2.2 0 .21.15.46.55.38A8.013 8.013 0 0 0 16 8c0-4.42-3.58-8-8-8z"/></svg>
        </a>

        <div class="header-sitemenu clearfix">
            <nav>
              <ul class="d-flex list-style-none">
                  <li class="ml-2">
                    <a href="/features" class="js-selected-navigation-item header-navlink px-0 py-2 m-0" data-ga-click="Header, click, Nav menu - item:features" data-selected-links="/features /features">
                      Features
</a>                  </li>
                  <li class="ml-4">
                    <a href="/business" class="js-selected-navigation-item header-navlink px-0 py-2 m-0" data-ga-click="Header, click, Nav menu - item:business" data-selected-links="/business /business/security /business/customers /business">
                      Business
</a>                  </li>

                  <li class="ml-4">
                    <a href="/explore" class="js-selected-navigation-item header-navlink px-0 py-2 m-0" data-ga-click="Header, click, Nav menu - item:explore" data-selected-links="/explore /trending /trending/developers /integrations /integrations/feature/code /integrations/feature/collaborate /integrations/feature/ship /showcases /explore">
                      Explore
</a>                  </li>

                  <li class="ml-4">
                        <a href="/marketplace" class="js-selected-navigation-item header-navlink px-0 py-2 m-0" data-ga-click="Header, click, Nav menu - item:marketplace" data-selected-links=" /marketplace">
                          Marketplace
</a>                  </li>
                  <li class="ml-4">
                    <a href="/pricing" class="js-selected-navigation-item header-navlink px-0 py-2 m-0" data-ga-click="Header, click, Nav menu - item:pricing" data-selected-links="/pricing /pricing/developer /pricing/team /pricing/business-hosted /pricing/business-enterprise /pricing">
                      Pricing
</a>                  </li>
              </ul>
            </nav>
        </div>
      </div>

      <div class="d-flex">
          <div class="mt-1 mr-3">
            <div class="header-search scoped-search site-scoped-search js-site-search" role="search">
  <!-- '"` --><!-- </textarea></xmp> --></option></form><form accept-charset="UTF-8" action="/joelgrus/data-science-from-scratch/search" class="js-site-search-form" data-scoped-search-url="/joelgrus/data-science-from-scratch/search" data-unscoped-search-url="/search" method="get"><div style="margin:0;padding:0;display:inline"><input name="utf8" type="hidden" value="&#x2713;" /></div>
    <label class="form-control header-search-wrapper js-chromeless-input-container">
        <a href="/joelgrus/data-science-from-scratch/blob/master/code-python3/comma_delimited_stock_prices.csv" class="header-search-scope no-underline">This repository</a>
      <input type="text"
        class="form-control header-search-input js-site-search-focus js-site-search-field is-clearable"
        data-hotkey="s"
        name="q"
        value=""
        placeholder="Search"
        aria-label="Search this repository"
        data-unscoped-placeholder="Search GitHub"
        data-scoped-placeholder="Search"
        autocapitalize="off">
        <input type="hidden" class="js-site-search-type-field" name="type" >
    </label>
</form></div>

          </div>

        <span class="d-inline-block">
            <div class="header-navlink px-0 py-2 m-0">
              <a class="text-bold text-white no-underline" href="/login?return_to=%2Fjoelgrus%2Fdata-science-from-scratch%2Fblob%2Fmaster%2Fcode-python3%2Fcomma_delimited_stock_prices.csv" data-ga-click="(Logged out) Header, clicked Sign in, text:sign-in">Sign in</a>
                <span class="text-gray">or</span>
                <a class="text-bold text-white no-underline" href="/join?source=header-repo" data-ga-click="(Logged out) Header, clicked Sign up, text:sign-up">Sign up</a>
            </div>
        </span>
      </div>
    </div>
  </div>
</div>


  </div>

  <div id="start-of-content" class="show-on-focus"></div>

    <div id="js-flash-container">
</div>



  <div role="main">
        <div itemscope itemtype="http://schema.org/SoftwareSourceCode">
    <div id="js-repo-pjax-container" data-pjax-container>
      





    <div class="pagehead repohead instapaper_ignore readability-menu experiment-repo-nav">
      <div class="container repohead-details-container">

        <ul class="pagehead-actions">
  <li>
      <a href="/login?return_to=%2Fjoelgrus%2Fdata-science-from-scratch"
    class="btn btn-sm btn-with-count tooltipped tooltipped-n"
    aria-label="You must be signed in to watch a repository" rel="nofollow">
    <svg aria-hidden="true" class="octicon octicon-eye" height="16" version="1.1" viewBox="0 0 16 16" width="16"><path fill-rule="evenodd" d="M8.06 2C3 2 0 8 0 8s3 6 8.06 6C13 14 16 8 16 8s-3-6-7.94-6zM8 12c-2.2 0-4-1.78-4-4 0-2.2 1.8-4 4-4 2.22 0 4 1.8 4 4 0 2.22-1.78 4-4 4zm2-4c0 1.11-.89 2-2 2-1.11 0-2-.89-2-2 0-1.11.89-2 2-2 1.11 0 2 .89 2 2z"/></svg>
    Watch
  </a>
  <a class="social-count" href="/joelgrus/data-science-from-scratch/watchers"
     aria-label="284 users are watching this repository">
    284
  </a>

  </li>

  <li>
      <a href="/login?return_to=%2Fjoelgrus%2Fdata-science-from-scratch"
    class="btn btn-sm btn-with-count tooltipped tooltipped-n"
    aria-label="You must be signed in to star a repository" rel="nofollow">
    <svg aria-hidden="true" class="octicon octicon-star" height="16" version="1.1" viewBox="0 0 14 16" width="14"><path fill-rule="evenodd" d="M14 6l-4.9-.64L7 1 4.9 5.36 0 6l3.6 3.26L2.67 14 7 11.67 11.33 14l-.93-4.74z"/></svg>
    Star
  </a>

    <a class="social-count js-social-count" href="/joelgrus/data-science-from-scratch/stargazers"
      aria-label="2017 users starred this repository">
      2,017
    </a>

  </li>

  <li>
      <a href="/login?return_to=%2Fjoelgrus%2Fdata-science-from-scratch"
        class="btn btn-sm btn-with-count tooltipped tooltipped-n"
        aria-label="You must be signed in to fork a repository" rel="nofollow">
        <svg aria-hidden="true" class="octicon octicon-repo-forked" height="16" version="1.1" viewBox="0 0 10 16" width="10"><path fill-rule="evenodd" d="M8 1a1.993 1.993 0 0 0-1 3.72V6L5 8 3 6V4.72A1.993 1.993 0 0 0 2 1a1.993 1.993 0 0 0-1 3.72V6.5l3 3v1.78A1.993 1.993 0 0 0 5 15a1.993 1.993 0 0 0 1-3.72V9.5l3-3V4.72A1.993 1.993 0 0 0 8 1zM2 4.2C1.34 4.2.8 3.65.8 3c0-.65.55-1.2 1.2-1.2.65 0 1.2.55 1.2 1.2 0 .65-.55 1.2-1.2 1.2zm3 10c-.66 0-1.2-.55-1.2-1.2 0-.65.55-1.2 1.2-1.2.65 0 1.2.55 1.2 1.2 0 .65-.55 1.2-1.2 1.2zm3-10c-.66 0-1.2-.55-1.2-1.2 0-.65.55-1.2 1.2-1.2.65 0 1.2.55 1.2 1.2 0 .65-.55 1.2-1.2 1.2z"/></svg>
        Fork
      </a>

    <a href="/joelgrus/data-science-from-scratch/network" class="social-count"
       aria-label="1324 users forked this repository">
      1,324
    </a>
  </li>
</ul>

        <h1 class="public ">
  <svg aria-hidden="true" class="octicon octicon-repo" height="16" version="1.1" viewBox="0 0 12 16" width="12"><path fill-rule="evenodd" d="M4 9H3V8h1v1zm0-3H3v1h1V6zm0-2H3v1h1V4zm0-2H3v1h1V2zm8-1v12c0 .55-.45 1-1 1H6v2l-1.5-1.5L3 16v-2H1c-.55 0-1-.45-1-1V1c0-.55.45-1 1-1h10c.55 0 1 .45 1 1zm-1 10H1v2h2v-1h3v1h5v-2zm0-10H2v9h9V1z"/></svg>
  <span class="author" itemprop="author"><a href="/joelgrus" class="url fn" rel="author">joelgrus</a></span><!--
--><span class="path-divider">/</span><!--
--><strong itemprop="name"><a href="/joelgrus/data-science-from-scratch" data-pjax="#js-repo-pjax-container">data-science-from-scratch</a></strong>

</h1>

      </div>
      <div class="container">
        
<nav class="reponav js-repo-nav js-sidenav-container-pjax"
     itemscope
     itemtype="http://schema.org/BreadcrumbList"
     role="navigation"
     data-pjax="#js-repo-pjax-container">

  <span itemscope itemtype="http://schema.org/ListItem" itemprop="itemListElement">
    <a href="/joelgrus/data-science-from-scratch" class="js-selected-navigation-item selected reponav-item" data-hotkey="g c" data-selected-links="repo_source repo_downloads repo_commits repo_releases repo_tags repo_branches /joelgrus/data-science-from-scratch" itemprop="url">
      <svg aria-hidden="true" class="octicon octicon-code" height="16" version="1.1" viewBox="0 0 14 16" width="14"><path fill-rule="evenodd" d="M9.5 3L8 4.5 11.5 8 8 11.5 9.5 13 14 8 9.5 3zm-5 0L0 8l4.5 5L6 11.5 2.5 8 6 4.5 4.5 3z"/></svg>
      <span itemprop="name">Code</span>
      <meta itemprop="position" content="1">
</a>  </span>

    <span itemscope itemtype="http://schema.org/ListItem" itemprop="itemListElement">
      <a href="/joelgrus/data-science-from-scratch/issues" class="js-selected-navigation-item reponav-item" data-hotkey="g i" data-selected-links="repo_issues repo_labels repo_milestones /joelgrus/data-science-from-scratch/issues" itemprop="url">
        <svg aria-hidden="true" class="octicon octicon-issue-opened" height="16" version="1.1" viewBox="0 0 14 16" width="14"><path fill-rule="evenodd" d="M7 2.3c3.14 0 5.7 2.56 5.7 5.7s-2.56 5.7-5.7 5.7A5.71 5.71 0 0 1 1.3 8c0-3.14 2.56-5.7 5.7-5.7zM7 1C3.14 1 0 4.14 0 8s3.14 7 7 7 7-3.14 7-7-3.14-7-7-7zm1 3H6v5h2V4zm0 6H6v2h2v-2z"/></svg>
        <span itemprop="name">Issues</span>
        <span class="Counter">17</span>
        <meta itemprop="position" content="2">
</a>    </span>

  <span itemscope itemtype="http://schema.org/ListItem" itemprop="itemListElement">
    <a href="/joelgrus/data-science-from-scratch/pulls" class="js-selected-navigation-item reponav-item" data-hotkey="g p" data-selected-links="repo_pulls /joelgrus/data-science-from-scratch/pulls" itemprop="url">
      <svg aria-hidden="true" class="octicon octicon-git-pull-request" height="16" version="1.1" viewBox="0 0 12 16" width="12"><path fill-rule="evenodd" d="M11 11.28V5c-.03-.78-.34-1.47-.94-2.06C9.46 2.35 8.78 2.03 8 2H7V0L4 3l3 3V4h1c.27.02.48.11.69.31.21.2.3.42.31.69v6.28A1.993 1.993 0 0 0 10 15a1.993 1.993 0 0 0 1-3.72zm-1 2.92c-.66 0-1.2-.55-1.2-1.2 0-.65.55-1.2 1.2-1.2.65 0 1.2.55 1.2 1.2 0 .65-.55 1.2-1.2 1.2zM4 3c0-1.11-.89-2-2-2a1.993 1.993 0 0 0-1 3.72v6.56A1.993 1.993 0 0 0 2 15a1.993 1.993 0 0 0 1-3.72V4.72c.59-.34 1-.98 1-1.72zm-.8 10c0 .66-.55 1.2-1.2 1.2-.65 0-1.2-.55-1.2-1.2 0-.65.55-1.2 1.2-1.2.65 0 1.2.55 1.2 1.2zM2 4.2C1.34 4.2.8 3.65.8 3c0-.65.55-1.2 1.2-1.2.65 0 1.2.55 1.2 1.2 0 .65-.55 1.2-1.2 1.2z"/></svg>
      <span itemprop="name">Pull requests</span>
      <span class="Counter">8</span>
      <meta itemprop="position" content="3">
</a>  </span>

    <a href="/joelgrus/data-science-from-scratch/projects" class="js-selected-navigation-item reponav-item" data-selected-links="repo_projects new_repo_project repo_project /joelgrus/data-science-from-scratch/projects">
      <svg aria-hidden="true" class="octicon octicon-project" height="16" version="1.1" viewBox="0 0 15 16" width="15"><path fill-rule="evenodd" d="M10 12h3V2h-3v10zm-4-2h3V2H6v8zm-4 4h3V2H2v12zm-1 1h13V1H1v14zM14 0H1a1 1 0 0 0-1 1v14a1 1 0 0 0 1 1h13a1 1 0 0 0 1-1V1a1 1 0 0 0-1-1z"/></svg>
      Projects
      <span class="Counter" >0</span>
</a>


    <div class="reponav-dropdown js-menu-container">
      <button type="button" class="btn-link reponav-item reponav-dropdown js-menu-target " data-no-toggle aria-expanded="false" aria-haspopup="true">
        Insights
        <svg aria-hidden="true" class="octicon octicon-triangle-down v-align-middle text-gray" height="11" version="1.1" viewBox="0 0 12 16" width="8"><path fill-rule="evenodd" d="M0 5l6 6 6-6z"/></svg>
      </button>
      <div class="dropdown-menu-content js-menu-content">
        <div class="dropdown-menu dropdown-menu-sw">
          <a class="dropdown-item" href="/joelgrus/data-science-from-scratch/pulse" data-skip-pjax>
            <svg aria-hidden="true" class="octicon octicon-pulse" height="16" version="1.1" viewBox="0 0 14 16" width="14"><path fill-rule="evenodd" d="M11.5 8L8.8 5.4 6.6 8.5 5.5 1.6 2.38 8H0v2h3.6l.9-1.8.9 5.4L9 8.5l1.6 1.5H14V8z"/></svg>
            Pulse
          </a>
          <a class="dropdown-item" href="/joelgrus/data-science-from-scratch/graphs" data-skip-pjax>
            <svg aria-hidden="true" class="octicon octicon-graph" height="16" version="1.1" viewBox="0 0 16 16" width="16"><path fill-rule="evenodd" d="M16 14v1H0V0h1v14h15zM5 13H3V8h2v5zm4 0H7V3h2v10zm4 0h-2V6h2v7z"/></svg>
            Graphs
          </a>
        </div>
      </div>
    </div>
</nav>

      </div>
    </div>

<div class="container new-discussion-timeline experiment-repo-nav">
  <div class="repository-content">

    
  <a href="/joelgrus/data-science-from-scratch/blob/871bb335ede8b1a104317fdf74e7a5cd485c184c/code-python3/comma_delimited_stock_prices.csv" class="d-none js-permalink-shortcut" data-hotkey="y">Permalink</a>

  <!-- blob contrib key: blob_contributors:v21:907c91c93911d27e4d2e6d3b6ff3ec3e -->

  <div class="file-navigation js-zeroclipboard-container">
    
<div class="select-menu branch-select-menu js-menu-container js-select-menu float-left">
  <button class=" btn btn-sm select-menu-button js-menu-target css-truncate" data-hotkey="w"
    
    type="button" aria-label="Switch branches or tags" aria-expanded="false" aria-haspopup="true">
      <i>Branch:</i>
      <span class="js-select-button css-truncate-target">master</span>
  </button>

  <div class="select-menu-modal-holder js-menu-content js-navigation-container" data-pjax>

    <div class="select-menu-modal">
      <div class="select-menu-header">
        <svg aria-label="Close" class="octicon octicon-x js-menu-close" height="16" role="img" version="1.1" viewBox="0 0 12 16" width="12"><path fill-rule="evenodd" d="M7.48 8l3.75 3.75-1.48 1.48L6 9.48l-3.75 3.75-1.48-1.48L4.52 8 .77 4.25l1.48-1.48L6 6.52l3.75-3.75 1.48 1.48z"/></svg>
        <span class="select-menu-title">Switch branches/tags</span>
      </div>

      <div class="select-menu-filters">
        <div class="select-menu-text-filter">
          <input type="text" aria-label="Filter branches/tags" id="context-commitish-filter-field" class="form-control js-filterable-field js-navigation-enable" placeholder="Filter branches/tags">
        </div>
        <div class="select-menu-tabs">
          <ul>
            <li class="select-menu-tab">
              <a href="#" data-tab-filter="branches" data-filter-placeholder="Filter branches/tags" class="js-select-menu-tab" role="tab">Branches</a>
            </li>
            <li class="select-menu-tab">
              <a href="#" data-tab-filter="tags" data-filter-placeholder="Find a tag…" class="js-select-menu-tab" role="tab">Tags</a>
            </li>
          </ul>
        </div>
      </div>

      <div class="select-menu-list select-menu-tab-bucket js-select-menu-tab-bucket" data-tab-filter="branches" role="menu">

        <div data-filterable-for="context-commitish-filter-field" data-filterable-type="substring">


            <a class="select-menu-item js-navigation-item js-navigation-open selected"
               href="/joelgrus/data-science-from-scratch/blob/master/code-python3/comma_delimited_stock_prices.csv"
               data-name="master"
               data-skip-pjax="true"
               rel="nofollow">
              <svg aria-hidden="true" class="octicon octicon-check select-menu-item-icon" height="16" version="1.1" viewBox="0 0 12 16" width="12"><path fill-rule="evenodd" d="M12 5l-8 8-4-4 1.5-1.5L4 10l6.5-6.5z"/></svg>
              <span class="select-menu-item-text css-truncate-target js-select-menu-filter-text">
                master
              </span>
            </a>
        </div>

          <div class="select-menu-no-results">Nothing to show</div>
      </div>

      <div class="select-menu-list select-menu-tab-bucket js-select-menu-tab-bucket" data-tab-filter="tags">
        <div data-filterable-for="context-commitish-filter-field" data-filterable-type="substring">


        </div>

        <div class="select-menu-no-results">Nothing to show</div>
      </div>

    </div>
  </div>
</div>

    <div class="BtnGroup float-right">
      <a href="/joelgrus/data-science-from-scratch/find/master"
            class="js-pjax-capture-input btn btn-sm BtnGroup-item"
            data-pjax
            data-hotkey="t">
        Find file
      </a>
      <button aria-label="Copy file path to clipboard" class="js-zeroclipboard btn btn-sm BtnGroup-item tooltipped tooltipped-s" data-copied-hint="Copied!" type="button">Copy path</button>
    </div>
    <div class="breadcrumb js-zeroclipboard-target">
      <span class="repo-root js-repo-root"><span class="js-path-segment"><a href="/joelgrus/data-science-from-scratch"><span>data-science-from-scratch</span></a></span></span><span class="separator">/</span><span class="js-path-segment"><a href="/joelgrus/data-science-from-scratch/tree/master/code-python3"><span>code-python3</span></a></span><span class="separator">/</span><strong class="final-path">comma_delimited_stock_prices.csv</strong>
    </div>
  </div>


  
  <div class="commit-tease">
      <span class="float-right">
        <a class="commit-tease-sha" href="/joelgrus/data-science-from-scratch/commit/31bcc9b687914944c9c3fa8458fa95019c7f4af9" data-pjax>
          31bcc9b
        </a>
        <relative-time datetime="2015-10-22T01:58:55Z">Oct 21, 2015</relative-time>
      </span>
      <div>
        <img alt="@joelgrus" class="avatar" height="20" src="https://avatars1.githubusercontent.com/u/1308313?v=4&amp;s=40" width="20" />
        <a href="/joelgrus" class="user-mention" rel="author">joelgrus</a>
          <a href="/joelgrus/data-science-from-scratch/commit/31bcc9b687914944c9c3fa8458fa95019c7f4af9" class="message" data-pjax="true" title="txt and csv">txt and csv</a>
      </div>

    <div class="commit-tease-contributors">
      <button type="button" class="btn-link muted-link contributors-toggle" data-facebox="#blob_contributors_box">
        <strong>1</strong>
         contributor
      </button>
      
    </div>

    <div id="blob_contributors_box" style="display:none">
      <h2 class="facebox-header" data-facebox-id="facebox-header">Users who have contributed to this file</h2>
      <ul class="facebox-user-list" data-facebox-id="facebox-description">
          <li class="facebox-user-list-item">
            <img alt="@joelgrus" height="24" src="https://avatars3.githubusercontent.com/u/1308313?v=4&amp;s=48" width="24" />
            <a href="/joelgrus">joelgrus</a>
          </li>
      </ul>
    </div>
  </div>

  <div class="file">
    <div class="file-header">
  <div class="file-actions">

    <div class="BtnGroup">
      <a href="/joelgrus/data-science-from-scratch/raw/master/code-python3/comma_delimited_stock_prices.csv" class="btn btn-sm BtnGroup-item" id="raw-url">Raw</a>
        <a href="/joelgrus/data-science-from-scratch/blame/master/code-python3/comma_delimited_stock_prices.csv" class="btn btn-sm js-update-url-with-hash BtnGroup-item" data-hotkey="b">Blame</a>
      <a href="/joelgrus/data-science-from-scratch/commits/master/code-python3/comma_delimited_stock_prices.csv" class="btn btn-sm BtnGroup-item" rel="nofollow">History</a>
    </div>


        <button type="button" class="btn-octicon disabled tooltipped tooltipped-nw"
          aria-label="You must be signed in to make or propose changes">
          <svg aria-hidden="true" class="octicon octicon-pencil" height="16" version="1.1" viewBox="0 0 14 16" width="14"><path fill-rule="evenodd" d="M0 12v3h3l8-8-3-3-8 8zm3 2H1v-2h1v1h1v1zm10.3-9.3L12 6 9 3l1.3-1.3a.996.996 0 0 1 1.41 0l1.59 1.59c.39.39.39 1.02 0 1.41z"/></svg>
        </button>
        <button type="button" class="btn-octicon btn-octicon-danger disabled tooltipped tooltipped-nw"
          aria-label="You must be signed in to make or propose changes">
          <svg aria-hidden="true" class="octicon octicon-trashcan" height="16" version="1.1" viewBox="0 0 12 16" width="12"><path fill-rule="evenodd" d="M11 2H9c0-.55-.45-1-1-1H5c-.55 0-1 .45-1 1H2c-.55 0-1 .45-1 1v1c0 .55.45 1 1 1v9c0 .55.45 1 1 1h7c.55 0 1-.45 1-1V5c.55 0 1-.45 1-1V3c0-.55-.45-1-1-1zm-1 12H3V5h1v8h1V5h1v8h1V5h1v8h1V5h1v9zm1-10H2V3h9v1z"/></svg>
        </button>
  </div>

  <div class="file-info">
      6 lines (6 sloc)
      <span class="file-info-divider"></span>
    118 Bytes
  </div>
</div>

    

  <div itemprop="text" class="blob-wrapper data type-csv">
      <div class="blob-interaction-bar">
  <svg aria-hidden="true" class="octicon octicon-search" height="16" version="1.1" viewBox="0 0 16 16" width="16"><path fill-rule="evenodd" d="M15.7 13.3l-3.81-3.83A5.93 5.93 0 0 0 13 6c0-3.31-2.69-6-6-6S1 2.69 1 6s2.69 6 6 6c1.3 0 2.48-.41 3.47-1.11l3.83 3.81c.19.2.45.3.7.3.25 0 .52-.09.7-.3a.996.996 0 0 0 0-1.41v.01zM7 10.7c-2.59 0-4.7-2.11-4.7-4.7 0-2.59 2.11-4.7 4.7-4.7 2.59 0 4.7 2.11 4.7 4.7 0 2.59-2.11 4.7-4.7 4.7z"/></svg>
  <input type="text" name="filter" class="form-control js-csv-filter-field blob-filter" autocapitalize="off"
         placeholder="Search this file…" aria-label="Search this file…">
</div>

<div class="markdown-body">
  <table class="js-csv-data csv-data js-file-line-container">
    <thead>
      <tr id="LC1" class="js-file-line">
        <td id="L1" class="blob-num js-line-number" data-line-number="1"></td>
        <th>6/20/2014</th>
        <th>AAPL</th>
        <th>90.91</th>
      </tr>
    </thead>
    <tbody>
      <tr id="LC2" class="js-file-line">
        <td id="L2" class="blob-num js-line-number" data-line-number="2"></td>
        <td>6/20/2014</td>
        <td>MSFT</td>
        <td>41.68</td>
      </tr>
      <tr id="LC3" class="js-file-line">
        <td id="L3" class="blob-num js-line-number" data-line-number="3"></td>
        <td>6/20/3014</td>
        <td>FB</td>
        <td>64.5</td>
      </tr>
      <tr id="LC4" class="js-file-line">
        <td id="L4" class="blob-num js-line-number" data-line-number="4"></td>
        <td>6/19/2014</td>
        <td>AAPL</td>
        <td>91.86</td>
      </tr>
      <tr id="LC5" class="js-file-line">
        <td id="L5" class="blob-num js-line-number" data-line-number="5"></td>
        <td>6/19/2014</td>
        <td>MSFT</td>
        <td>n/a</td>
      </tr>
      <tr id="LC6" class="js-file-line">
        <td id="L6" class="blob-num js-line-number" data-line-number="6"></td>
        <td>6/19/2014</td>
        <td>FB</td>
        <td>64.34</td>
      </tr>
    </tbody>
  </table>
</div>

  </div>

  </div>

  <button type="button" data-facebox="#jump-to-line" data-facebox-class="linejump" data-hotkey="l" class="d-none">Jump to Line</button>
  <div id="jump-to-line" style="display:none">
    <!-- '"` --><!-- </textarea></xmp> --></option></form><form accept-charset="UTF-8" action="" class="js-jump-to-line-form" method="get"><div style="margin:0;padding:0;display:inline"><input name="utf8" type="hidden" value="&#x2713;" /></div>
      <input class="form-control linejump-input js-jump-to-line-field" type="text" placeholder="Jump to line&hellip;" aria-label="Jump to line" autofocus>
      <button type="submit" class="btn">Go</button>
</form>  </div>

  </div>
  <div class="modal-backdrop js-touch-events"></div>
</div>

    </div>
  </div>

  </div>

      
<div class="container-lg site-footer-container">
  <div class="site-footer " role="contentinfo">
    <ul class="site-footer-links float-right">
        <li><a href="https://github.com/contact" data-ga-click="Footer, go to contact, text:contact">Contact GitHub</a></li>
      <li><a href="https://developer.github.com" data-ga-click="Footer, go to api, text:api">API</a></li>
      <li><a href="https://training.github.com" data-ga-click="Footer, go to training, text:training">Training</a></li>
      <li><a href="https://shop.github.com" data-ga-click="Footer, go to shop, text:shop">Shop</a></li>
        <li><a href="https://github.com/blog" data-ga-click="Footer, go to blog, text:blog">Blog</a></li>
        <li><a href="https://github.com/about" data-ga-click="Footer, go to about, text:about">About</a></li>

    </ul>

    <a href="https://github.com" aria-label="Homepage" class="site-footer-mark" title="GitHub">
      <svg aria-hidden="true" class="octicon octicon-mark-github" height="24" version="1.1" viewBox="0 0 16 16" width="24"><path fill-rule="evenodd" d="M8 0C3.58 0 0 3.58 0 8c0 3.54 2.29 6.53 5.47 7.59.4.07.55-.17.55-.38 0-.19-.01-.82-.01-1.49-2.01.37-2.53-.49-2.69-.94-.09-.23-.48-.94-.82-1.13-.28-.15-.68-.52-.01-.53.63-.01 1.08.58 1.23.82.72 1.21 1.87.87 2.33.66.07-.52.28-.87.51-1.07-1.78-.2-3.64-.89-3.64-3.95 0-.87.31-1.59.82-2.15-.08-.2-.36-1.02.08-2.12 0 0 .67-.21 2.2.82.64-.18 1.32-.27 2-.27.68 0 1.36.09 2 .27 1.53-1.04 2.2-.82 2.2-.82.44 1.1.16 1.92.08 2.12.51.56.82 1.27.82 2.15 0 3.07-1.87 3.75-3.65 3.95.29.25.54.73.54 1.48 0 1.07-.01 1.93-.01 2.2 0 .21.15.46.55.38A8.013 8.013 0 0 0 16 8c0-4.42-3.58-8-8-8z"/></svg>
</a>
    <ul class="site-footer-links">
      <li>&copy; 2017 <span title="0.10723s from unicorn-2103370799-lzpml">GitHub</span>, Inc.</li>
        <li><a href="https://github.com/site/terms" data-ga-click="Footer, go to terms, text:terms">Terms</a></li>
        <li><a href="https://github.com/site/privacy" data-ga-click="Footer, go to privacy, text:privacy">Privacy</a></li>
        <li><a href="https://github.com/security" data-ga-click="Footer, go to security, text:security">Security</a></li>
        <li><a href="https://status.github.com/" data-ga-click="Footer, go to status, text:status">Status</a></li>
        <li><a href="https://help.github.com" data-ga-click="Footer, go to help, text:help">Help</a></li>
    </ul>
  </div>
</div>



  <div id="ajax-error-message" class="ajax-error-message flash flash-error">
    <svg aria-hidden="true" class="octicon octicon-alert" height="16" version="1.1" viewBox="0 0 16 16" width="16"><path fill-rule="evenodd" d="M8.865 1.52c-.18-.31-.51-.5-.87-.5s-.69.19-.87.5L.275 13.5c-.18.31-.18.69 0 1 .19.31.52.5.87.5h13.7c.36 0 .69-.19.86-.5.17-.31.18-.69.01-1L8.865 1.52zM8.995 13h-2v-2h2v2zm0-3h-2V6h2v4z"/></svg>
    <button type="button" class="flash-close js-flash-close js-ajax-error-dismiss" aria-label="Dismiss error">
      <svg aria-hidden="true" class="octicon octicon-x" height="16" version="1.1" viewBox="0 0 12 16" width="12"><path fill-rule="evenodd" d="M7.48 8l3.75 3.75-1.48 1.48L6 9.48l-3.75 3.75-1.48-1.48L4.52 8 .77 4.25l1.48-1.48L6 6.52l3.75-3.75 1.48 1.48z"/></svg>
    </button>
    You can't perform that action at this time.
  </div>


    
    <script crossorigin="anonymous" integrity="sha256-OiTVyGEpRWTLRqro9+PHTHqtjluGGBa/2WknMA8gP1E=" src="https://assets-cdn.github.com/assets/frameworks-3a24d5c861294564cb46aae8f7e3c74c7aad8e5b861816bfd96927300f203f51.js"></script>
    
    <script async="async" crossorigin="anonymous" integrity="sha256-s+sEVFbrP8y5DrjUXWsODo/R6RyutNR8xyMBTfvci10=" src="https://assets-cdn.github.com/assets/github-b3eb045456eb3fccb90eb8d45d6b0e0e8fd1e91caeb4d47cc723014dfbdc8b5d.js"></script>
    
    
    
    
  <div class="js-stale-session-flash stale-session-flash flash flash-warn flash-banner d-none">
    <svg aria-hidden="true" class="octicon octicon-alert" height="16" version="1.1" viewBox="0 0 16 16" width="16"><path fill-rule="evenodd" d="M8.865 1.52c-.18-.31-.51-.5-.87-.5s-.69.19-.87.5L.275 13.5c-.18.31-.18.69 0 1 .19.31.52.5.87.5h13.7c.36 0 .69-.19.86-.5.17-.31.18-.69.01-1L8.865 1.52zM8.995 13h-2v-2h2v2zm0-3h-2V6h2v4z"/></svg>
    <span class="signed-in-tab-flash">You signed in with another tab or window. <a href="">Reload</a> to refresh your session.</span>
    <span class="signed-out-tab-flash">You signed out in another tab or window. <a href="">Reload</a> to refresh your session.</span>
  </div>
  <div class="facebox" id="facebox" style="display:none;">
  <div class="facebox-popup">
    <div class="facebox-content" role="dialog" aria-labelledby="facebox-header" aria-describedby="facebox-description">
    </div>
    <button type="button" class="facebox-close js-facebox-close" aria-label="Close modal">
      <svg aria-hidden="true" class="octicon octicon-x" height="16" version="1.1" viewBox="0 0 12 16" width="12"><path fill-rule="evenodd" d="M7.48 8l3.75 3.75-1.48 1.48L6 9.48l-3.75 3.75-1.48-1.48L4.52 8 .77 4.25l1.48-1.48L6 6.52l3.75-3.75 1.48 1.48z"/></svg>
    </button>
  </div>
</div>


  </body>
</html>

